#PPP  1..100  (5, 10, 20, 30)% radii,  15 iterations

prob013-PPP-nsample-1__35/	4 [0013, 0061, 0109, 0253]
prob013-PPP-nsample-1__35/	highest_ordering_needed: 10
prob013-PPP-nsample-2__35/	4 [0013, 0061, 0109, 0253]
prob013-PPP-nsample-2__35/	highest_ordering_needed: 6

prob013-PPP-nsample-1__70/	4 [0013, 0061, 0109, 0253]
prob013-PPP-nsample-1__70/	highest_ordering_needed: 15
prob013-PPP-nsample-2__70/	4 [0013, 0061, 0109, 0253]
prob013-PPP-nsample-2__70/	highest_ordering_needed: 15

prob013-PPP-nsample-1__140/	4 [0013, 0061, 0109, 0253]
prob013-PPP-nsample-1__140/	highest_ordering_needed: 9
prob013-PPP-nsample-2__140/	35 [0001, 0005, 0009, 0013, 0016, 0025, 0037, 0049, 0061, 0064, 0065, 0066, 0073, 0077, 0078, 0085, 0089, 0090, 0097, 0101, 0102, 0109, 0112, 0129, 0130, 0145, 0166, 0181, 0201, 0202, 0217, 0237, 0238, 0253, 0256]
prob013-PPP-nsample-2__140/	highest_ordering_needed: 3 (a)

prob013-PPP-nsample-1__280/	4 [0013, 0061, 0109, 0253]
prob013-PPP-nsample-1__280/	highest_ordering_needed: 6
prob013-PPP-nsample-2__280/	4 [0013, 0061, 0109, 0253]
prob013-PPP-nsample-2__280/	59 [0009, 0010, 0011, 0012, 0041, 0042, 0043, 0044, 0045, 0046, 0048, 0049, 0050, 0051, 0052, 0089, 0090, 0091, 0092, 0093, 0094, 0095, 0096, 0097, 0098, 0099, 0100, 0185, 0186, 0187, 0188, 0190, 0191, 0193, 0194, 0195, 0196, 0197, 0199, 0200, 0201, 0202, 0203, 0204, 0205, 0207, 0208, 0209, 0210, 0211, 0212, 0213, 0214, 0215, 0216, 0217, 0218, 0219, 0220]
prob013-PPP-nsample-2__280/	highest_ordering_needed: 14

prob013-PPP-nsample-1__420/	5 [0013, 0061, 0102, 0109, 0253]
prob013-PPP-nsample-1__420/	32 [0009, 0012, 0041, 0042, 0045, 0048, 0049, 0052, 0089, 0090, 0093, 0096, 0097, 0100, 0185, 0186, 0187, 0188, 0191, 0194, 0197, 0200, 0201, 0202, 0205, 0208, 0209, 0210, 0213, 0216, 0217, 0220]
prob013-PPP-nsample-1__420/	highest_ordering_needed: 4
prob013-PPP-nsample-2__420/	41 [0009, 0010, 0011, 0012, 0041, 0042, 0043, 0044, 0045, 0046, 0047, 0048, 0049, 0050, 0051, 0052, 0089, 0090, 0092, 0093, 0096, 0097, 0099, 0100, 0185, 0186, 0187, 0188, 0194, 0197, 0200, 0201, 0202, 0205, 0208, 0209, 0210, 0213, 0216, 0217, 0220]
prob013-PPP-nsample-2__420/	highest_ordering_needed: 5


#PPP  1..20  (10% raidius)  30 iterations


prob013-PPP-nsample-1/	32 [0009, 0012, 0041, 0042, 0045, 0048, 0049, 0052, 0089, 0090, 0093, 0096, 0097, 0100, 0185, 0186, 0187, 0188, 0191, 0194, 0197, 0200, 0201, 0202, 0205, 0208, 0209, 0210, 0213, 0216, 0217, 0220]
prob013-PPP-nsample-1/	8 [0013, 0061, 0101, 0102, 0109, 0237, 0238, 0253]
prob013-PPP-nsample-1/	highest_ordering_needed: 2
prob013-PPP-nsample-2/	32 [0009, 0012, 0041, 0042, 0045, 0048, 0049, 0052, 0089, 0090, 0093, 0096, 0097, 0100, 0185, 0186, 0187, 0188, 0191, 0194, 0197, 0200, 0201, 0202, 0205, 0208, 0209, 0210, 0213, 0216, 0217, 0220]
prob013-PPP-nsample-2/	8 [0013, 0061, 0101, 0102, 0109, 0237, 0238, 0253] 
prob013-PPP-nsample-2/	highest_ordering_needed: 12 (b)
prob013-PPP-nsample-3/	8 [0013, 0061, 0101, 0102, 0109, 0237, 0238, 0253]
prob013-PPP-nsample-3/	highest_ordering_needed: 9


a
{256, 1, 130, 5, 129, 9, 13, 237, 16, 145, 217, 25, 37, 166, 49, 181, 201, 61, 64, 65, 66, 73, 202, 77, 78, 85, 89, 90, 97, 101, 102, 109, 238, 112, 253}

b
{9, 10, 12, 20, 217, 41, 42, 45, 48, 49, 52, 185, 186, 187, 188, 191, 194, 197, 201, 202, 205, 208, 209, 210, 213, 216, 89, 90, 220, 93, 96, 97}

a & b
{97, 9, 202, 49, 201, 89, 217, 90}

a - b
{256, 1, 130, 5, 129, 13, 109, 16, 145, 25, 37, 166, 181, 61, 64, 65, 66, 73, 77, 78, 85, 101, 102, 237, 238, 112, 253}

b - a
{10, 12, 20, 41, 42, 45, 48, 52, 185, 186, 187, 188, 191, 194, 197, 205, 208, 209, 210, 213, 216, 220, 93, 96}

a | b  (len 59)
{256, 1, 130, 5, 129, 9, 10, 12, 13, 109, 16, 145, 20, 89, 25, 37, 166, 41, 42, 45, 48, 49, 52, 181, 73, 185, 186, 187, 188, 61, 191, 64, 65, 66, 197, 194, 201, 202, 77, 78, 205, 208, 209, 210, 85, 216, 217, 90, 220, 93, 96, 97, 101, 102, 237, 238, 112, 253, 213}
